-90,2,0
-86,20,0
-93,-11,0
-86,-11,0
-119,17,0
-92,7,0
-112,-18,0
-104,0,0
-112,6,0
-110,19,0
-89,9,0
-97,-4,0
-98,16,0
-105,-17,0
-81,4,0
-86,13,0
-104,9,0
-93,-12,0
-92,-4,0
-118,16,0
-109,-10,0
-101,-7,0
-101,-5,0
-118,-14,0
-100,0,0
-109,11,0
-111,5,0
-92,-6,0
-81,16,0
-110,-13,0
-104,-6,0
-80,-17,0
-118,-8,0
-81,-11,0
-90,3,0
-100,-9,0
-88,13,0
-90,0,0
-89,-18,0
-106,-8,0
-117,-15,0
-101,-16,0
-116,-12,0
-86,-10,0
-106,-14,0
-114,17,0
-92,16,0
-85,11,0
-89,-12,0
-115,-10,0
-101,1,0
-81,-1,0
-92,-8,0
-90,-3,0
-112,-1,0
-81,-11,0
-110,-17,0
-93,-15,0
-80,-3,0
-116,-16,0
-105,15,0
-85,8,0
-107,18,0
-107,18,0
-103,-4,0
-115,-6,0
-112,-10,0
-116,18,0
-88,-16,0
-88,9,0
-93,-18,0
-103,-15,0
-85,-3,0
-90,0,0
-108,6,0
-104,-11,0
-104,19,0
-89,-8,0
-84,-15,0
-95,-17,0
-110,0,0
-93,-8,0
-102,-17,0
-98,20,0
-80,9,0
-89,-14,0
-117,15,0
-104,-19,0
-104,9,0
-81,-1,0
-101,-3,0
-89,4,0
-86,1,0
-98,-5,0
-83,-11,0
-98,8,0
-88,-9,0
-85,16,0
-115,-18,0
-108,-3,0
